150000_5-04-12_1353
N=150,000
t=5
parameter ranges: +/- 50% of baseline values (as well as for P0,A0,H0,R0)
S0=0.9197
P0=0.0710
A0=0.00760
H0=0.00121
R0=0.000443

