%Need this file to set parameter baselines and timespan

% PARAMETER BASELINE VALUES

m=-0.002044144211710;%-0.001935412993203;%-0.008167603022287;%-0.005655130734302;
beta_A=0.001812429774465;%1.359508850143459e-04;%1.986964208768421e-04;%2.835401770939003e-04;
beta_P=1.088914830311240e-04;%1.852346476744331e-05;%2.290915633319639e-05;%2.822862228291210e-05;
theta_1=0.263610363958598;%0.009858586790868;%0.074796413930580;%0.149541821844337;
epsilon=2.591316996071783;%2.501299213127726;%2.589533565278514;%2.531821292175718;
mu=0.00710; 
mu_H=0.0466; 
gamma=0.005092988746215;%0.005007639022688;%0.005011696305667;%0.005016519987829;
theta_2=0.304945162789522;%0.048592943974641;%0.497893887700701;%0.995172202575198;
sigma=0.154990502809942;%0.101782574828020;%0.136336398128495;%0.100871984335913;
zeta=0.158838943516922;%0.199872295795811;%0.199799452611964;%0.199667901832378;
theta_3=18.049723764408654;%0.484938347172344;%0.906359908863977;%1.488084795574761;
nu=5.448278594357949e-04;%2.157354393825269e-04;%2.490191152312435e-04;%3.271160590479448e-04;
omega=0.0000000001;
b=0.262237029510884;%0.260782139488104;%0.278568278151196;%0.270391402403032;
c=-0.028669841755795;%-0.028516150185456;%-0.026318328494807;%-0.027334712306362;
d=0.001054792588185;%1.157224310204137e-04;%7.666857193593344e-04;%9.085876633590474e-04;
e=0.008346819727653;%0.011247563797589;%0.009398501580591;%0.008940995153049;

% %

params=[m,beta_A,beta_P,theta_1,epsilon,gamma,sigma,mu,mu_H,theta_2,zeta,theta_3,nu,omega,b,c,d,e];


%% TIME SPAN OF THE SIMULATION
t_end= 6; % length of the simulations- 30 days
tspan=(0:1:t_end);   % time points where the output is calculated
time_points = 6; % time points of interest for the distemper analysis- amount of infected on last day = 30

% INITIAL CONDITIONS FOR THE ODE MODEL

P0=0.091316642293436;%0.104123321546353;%0.081100836843771;%0.097199031413874;
A0=0.007576166934873;%0.005524722970637;%0.006782991151825;%0.007085511844406;
H0=4.870127702833079e-04;%0.001029315847704;%9.133536778496569e-04;%6.693465779399986e-04;
R0=1.858452074260619e-04;%
S0=1-P0-A0-H0-R0;


total=S0+P0+A0+H0+R0;

%y0 = [S0,P0,A0,H0,R0]; 
% Variables Labels
% y_var_label={'S0','P0','A0','H0','R0'};

PRCC_var={'m','beta_A','beta_P','theta_1','epsilon','gamma','sigma','mu','mu_H','theta_2','zeta','theta_3','nu','omega','b','c','d','e','P0','A0','H0','R0'};


